"","location_id","country_name","mean_temp_year","warmest_month","coldest_month","maks_aplitude","max_max_temp","min_min_temp","year_precipitate_sum","year_mean_dayligth","year_mean_sunshine_duration","LadderScore","Continents","unormowana_temp"
"1",0,"Finland",4.03078281095096,16.6545161290323,-7.29741935483871,39.7,30.6,-29.9,651.382,12.4856307723384,6.17425922450473,7.74069976806641,"Europe",0.198480311547885
"2",1,"Denmark",9.19547397620682,16.7474193548387,2.2241935483871,29.2,30,-15.1,785.169,12.307500067941,7.31154084087568,7.5826997756958,"Europe",0.361177082607029
"3",2,"Iceland",-1.4457888545718,7,-7.45677419354839,32.1,21.7,-26.2,806.663,12.5440905920715,4.83505591639181,7.52510023117065,"Europe",0.0259587612858542
"4",3,"Sweden",3.99278532753756,14.9712903225806,-5.91161290322581,36.8,30,-24.7,642.712,12.4137277413487,6.65192008092372,7.34409999847412,"Europe",0.197283324610636
"5",4,"Israel",20.5512860710745,27.4616129032258,12.4548387096774,33.2,42.8,1.6,283.914,12.1666933797398,10.5305473677293,7.34110021591187,"Asia",0.718904950832394
"6",5,"Netherlands",11.0012603904522,18.5154838709677,4.01967741935484,30.7,37.7,-13.7,869.418,12.2691999695367,7.38070213652218,7.3193998336792,"Europe",0.41806250119636
"7",6,"Norway",1.14535249370853,12.2303225806452,-8.66387096774194,34.4,26.2,-26.9,670.674,12.4137277413487,6.44155873452977,7.30170011520386,"Europe",0.107584228759893
"8",7,"Luxembourg",10.2763757911996,18.8841935483871,2.23516129032258,29.6,36.2,-13,852.454,12.2479764913879,7.42981519084803,7.12190008163452,"Europe",0.395227373225438
"9",8,"Switzerland",8.05789129108518,16.9893548387097,-0.726451612903226,34.4,31.6,-17.7,1588.219,12.2307386578756,8.23892030883051,7.06020021438599,"Europe",0.32534124581447
"10",9,"Australia",23.7816516815374,32.2216129032258,14.0146666666667,36.1,47.2,0.2,200.99,12.1078746351987,10.522185500581,7.05690002441406,"Oceania",0.820667096398513
"11",10,"New Zealand",13.5377050446122,18.4503225806452,8.69354838709677,28.5,35.3,-0.5,1035.88,12.1204502704234,9.00683443249807,7.02920007705688,"Oceania",0.497964927497898
"12",11,"Costa Rica",18.5115612560055,19.191935483871,17.5158064516129,14.7,27.3,11.5,2449.18,12.1259623473589,8.86606466665819,6.95539999008179,"North America",0.654650064984926
"13",12,"Kuwait",26.6477876725387,38.9112903225806,12.8658064516129,34,50.7,-0.1,133.16,12.1611988089618,10.3675545870314,6.95139980316162,"Asia",0.910955374289996
"14",13,"Austria",4.83183380995958,14.3635483870968,-4.66903225806452,37,31.1,-25,1443.711,12.2329036785765,7.92639536078277,6.90469980239868,"Europe",0.22371481382929
"15",14,"Canada",-0.972516434073057,17.7906451612903,-20.5109929078014,51.7,37.9,-45.4,358.887,12.3715469134081,7.52326257494895,6.8996000289917,"North America",0.0408676671976903
"16",15,"Belgium",11.1843120758026,18.7741935483871,3.87612903225806,30.6,37.9,-10.8,783.84,12.2564146929823,7.36551554510685,6.89419984817505,"Europe",0.423828948248179
"17",16,"Ireland",10.3071701174407,15.8341935483871,5.61903225806452,25.1,30.8,-4.9,1060.92,12.2788494751243,6.16032788999307,6.83799982070923,"Europe",0.396197448160427
"18",17,"Czechia",9.67270273774117,19.3761290322581,0.126774193548387,37.7,33.5,-20.9,706.904,12.2489954872428,7.65681545588083,6.82180023193359,"Europe",0.376210620155319
"19",18,"Lithuania",8.43631421108823,18.818064516129,-2.29774193548387,41.3,34.3,-28.6,645.137,12.3008548214442,6.9681121243073,6.81750011444092,"Europe",0.337262227187655
"20",19,"United Kingdom",9.47753734843285,15.5364516129032,4.24161290322581,26.8,33,-7.4,1132.629,12.293080581923,6.50957346332467,6.74900007247925,"Europe",0.37006257032098
"21",20,"Slovenia",9.68834048272706,19.6932258064516,-0.042258064516129,37.5,33.8,-21.4,1229.975,12.2253229576285,8.24653079177205,6.74329996109009,"Europe",0.376703236370779
"22",21,"United Arab Emirates",28.5140239457027,36.9806451612903,18.1967741935484,30.5,48.1,7,36.78,12.1478992992726,10.5579686449336,6.73309993743896,"Asia",0.96974506876773
"23",22,"United States",12.5575220582628,26.321935483871,-1.38161290322581,53.9,40.8,-29.6,655.855,12.1946799793372,9.34531234195974,6.72480010986328,"North America",0.467087455481958
"24",23,"Germany",9.46598297491039,18.171935483871,1.15741935483871,39.1,35.4,-21.7,716.101,12.2626228321884,7.3998534905199,6.7185001373291,"Europe",0.369698587421797
"25",24,"Mexico",17.4499635476245,21.2148387096774,12.1106451612903,32.2,35,-5.8,400.834,12.1465213103033,10.5692064510012,6.67799997329712,"North America",0.621207887361742
"26",25,"Uruguay",17.4924126630062,24.2790322580645,11.5503225806452,30.4,39.7,-1.6,1241.195,12.1110447544835,8.83019975897117,6.61149978637695,"South America",0.622545108462856
"27",26,"France",10.9951197475787,18.9929032258065,3.30096774193548,31.8,36.3,-10.8,922.594,12.2249185969807,7.77925123475273,6.60900020599365,"Europe",0.417869060245919
"28",27,"Saudi Arabia",25.5764825936094,35.3477419354839,13.8525806451613,34.4,44.9,-2.7,89.08,12.1505692041893,10.5644736735174,6.5935001373291,"Asia",0.877207397579674
"29",28,"Kosovo",11.8628384808968,22.8748387096774,0.576451612903226,39.2,37.7,-23.5,688.605,12.2069784724425,9.05840850691585,6.56099987030029,"Europe",0.44520371232504
"30",29,"Singapore",27.1392445283307,27.8270967741935,26.2006451612903,11.2,33.6,22.4,2507.44,12.1169923132976,9.38791336139073,6.52279996871948,"Asia",0.926437121599522
"31",31,"Romania",9.44718777167696,19.9651612903226,-1.68064516129032,40.9,32.6,-26.8,749.694,12.2249068595335,8.44410962126643,6.49119997024536,"Europe",0.369106505769741
"32",32,"El Salvador",24.043882044536,25.467,22.8793548387097,23.2,37.9,13.2,1313.96,12.1309572623197,10.2741072738202,6.46869993209839,"North America",0.828927809763243
"33",33,"Estonia",6.3953090825898,17.47,-3.85258064516129,34.7,31.5,-26.5,665.503,12.3507113390936,6.71461676706534,6.44770002365112,"Europe",0.272967009236245
"34",34,"Poland",10.1032540799207,20.2490322580645,-0.136451612903226,37.4,35.1,-21.7,660.982,12.2667632857803,7.49775857471752,6.44150018692017,"Europe",0.389773737659619
"35",35,"Spain",16.124372912377,28.1648387096774,5.57967741935484,35.9,43.1,-13.2,424.256,12.1954816773378,9.76700470819087,6.42089986801147,"Europe",0.579449472540763
"36",36,"Serbia",13.1781814039503,23.8654838709677,1.55612903225806,41.3,38,-17.3,730.538,12.2182941233186,8.48301556756813,6.41079998016357,"Europe",0.48663930635551
"37",37,"Chile",15.0391987912758,18.6858156028369,10.8887096774194,34.9,30.4,-9.4,121.26,12.1093777682288,10.8371264852405,6.36030006408691,"South America",0.545264596835544
"38",38,"Panama",25.5566254861588,26.084,24.977,12.1,33.5,20.8,2817.72,12.1247809371717,8.30055433629901,6.35820007324219,"North America",0.876581864094435
"39",39,"Malta",19.3046810989095,26.7222580645161,13.2687096774194,22.6,38.5,2.9,387.089,12.1801876788482,10.368146128097,6.34579992294312,"Europe",0.679634722029182
"40",40,"Italy",12.3474668649432,22.9193548387097,3.2941935483871,42.1,37.4,-22.6,920.879,12.2083178024999,9.4955639791852,6.32350015640259,"Europe",0.460470350876128
"41",41,"Guatemala",18.0154395065965,19.6716129032258,15.4429032258065,22,31.7,6.4,3337.42,12.1334197146793,9.0566729541099,6.28700017929077,"North America",0.639021365397996
"42",42,"Nicaragua",24.8749901624342,26.4233333333333,23.3983870967742,16.2,35.7,16.5,2506.27,12.1297837612632,8.77810924611338,6.28389978408813,"North America",0.855109163663499
"43",43,"Brazil",25.3779379241974,27.5873333333333,24.2277419354839,21.9,37.8,14.2,1694.87,12.1098216114395,9.54630422625819,6.27199983596802,"South America",0.870952894533752
"44",44,"Slovakia",4.91289355982613,15.0029032258065,-5.48516129032258,37.8,30.1,-28,906.866,12.2415842943691,7.7792160468137,6.25710010528564,"Europe",0.226268337194805
"45",45,"Latvia",7.21837268359643,17.8135483870968,-3.34709677419355,36,31.8,-28.4,818.62,12.3200108778222,6.80570487035025,6.23449993133545,"Europe",0.298894946837032
"46",46,"Uzbekistan",15.469322885686,32.1274193548387,0.294516129032258,47.6,45.7,-20.5,117.565,12.2027313829078,9.72522488366824,6.19500017166138,"Asia",0.55881425529064
"47",47,"Argentina",17.9506628727217,25.3345161290323,10.2067741935484,36.6,41.4,-2.4,714.704,12.1117179814884,9.3925871660354,6.18809986114502,"South America",0.636980788559171
"48",48,"Kazakhstan",7.01788414169145,25.241935483871,-11.4848387096774,48,40.5,-33.7,198.348,12.2368850918258,8.83060046805916,6.1875,"Asia",0.292579208420429
"49",49,"Cyprus",17.4371548654007,27.7312903225806,7.73032258064516,29.4,41.2,-2.6,419.635,12.1771330549921,10.4782471816926,6.06809997558594,"Europe",0.620804391552865
"50",50,"Japan",15.3941382406772,26.9283870967742,4.08290322580645,28.3,37.3,-7.5,1544.887,12.1794172060646,7.90703574052414,6.05980014801025,"Asia",0.556445807965378
"51",51,"South Korea",12.5061910508656,25.3725806451613,-1.43451612903226,34.6,36.3,-18.2,1188.681,12.1823145632017,8.32819232388448,6.05789995193481,"Asia",0.465470439305864
"52",52,"Philippines",25.8123225615801,27.4716129032258,24.0796774193548,12.9,34.4,19.4,2425.93,12.1303291127835,9.50691408680582,6.04759979248047,"Asia",0.884636767516381
"53",53,"Vietnam",19.9429176008541,23.3276666666667,15.2987096774194,22.5,33.3,5.6,3288.86,12.1343428018972,8.35658757973057,6.04300022125244,"Asia",0.699740283952618
"54",54,"Portugal",14.4409354648059,22.7245161290323,7.14516129032258,30.7,40.6,-3.4,959.78,12.1943368699033,9.41795331433819,6.02960014343262,"Europe",0.526418259591885
"55",55,"Hungary",12.4322155303897,23.5890322580645,0.926774193548387,36.3,39.4,-16.8,618.144,12.2307386578756,8.36367862286101,6.01690006256104,"Europe",0.46314008151026
"56",56,"Paraguay",24.6732402958896,28.8370967741935,19.475,36.1,42.7,2.6,1442.7,12.1075595284403,9.30136240286304,5.97650003433228,"South America",0.848753691322918
"57",57,"Thailand",27.1325245367193,29.8256666666667,24.6116129032258,22.8,39.7,11.1,1527.16,12.1333799591357,9.50245773263915,5.97609996795654,"Asia",0.926225430154336
"58",58,"Malaysia",24.4722157591703,25.0251612903226,23.7825806451613,14,33.5,18.1,3719.17,12.1180301853626,8.13372347525727,5.97520017623901,"Asia",0.842421068135706
"59",59,"China",7.10826218256692,18.8261290322581,-5.26903225806452,36.6,30.5,-22.9,629.532,12.1770939722667,8.00153865141622,5.97270011901855,"Asia",0.295426274189629
"60",60,"Honduras",21.0646035994814,22.9873333333333,18.8077419354839,22.6,35.7,10,1323.53,12.1326852048116,10.0456332092665,5.96840000152588,"North America",0.735075347421002
"61",61,"Bahrain",26.8962272744605,35.2283870967742,16.5522580645161,29.2,48.7,6.1,76.09,12.1528927556692,10.5396344810356,5.95909976959229,"Asia",0.918781654650729
"62",62,"Croatia",11.5041084991993,21.9529032258065,1.57612903225806,38.5,39.4,-22.9,1179.907,12.2201949315411,8.23058170915313,5.94229984283447,"Europe",0.433903092822963
"63",63,"Greece",13.3171475634866,24.0545161290323,3.36709677419355,37.1,40.3,-16.3,887.435,12.1915023875533,9.45313060326902,5.93359994888306,"Europe",0.491016982526188
"64",64,"Bosnia and Herzegovina",9.35503094257607,19.1367741935484,-0.886129032258064,37.8,33.6,-24.3,982.76,12.2153311765164,8.43761004465458,5.8769998550415,"Europe",0.366203405071943
"65",65,"Libya",22.3943658201785,30.01,11.9503225806452,37.8,44.1,-1.6,15.26,12.1575037972601,10.5985702281737,5.86630010604858,"Africa",0.776965174452532
"66",66,"Jamaica",23.1765075688248,24.9506451612903,21.5390322580645,17.9,35,14,1048.51,12.1376496084108,10.5627798169549,5.84170007705688,"North America",0.801604002398601
"67",67,"Peru",19.2933763631511,19.8767741935484,18.4035483870968,24.8,37.8,8.1,3474.69,12.1098196537136,8.82977989850509,5.84089994430542,"South America",0.679278603154554
"68",68,"Dominican Republic",17.7089399069626,19.4312903225806,15.6843971631206,17.9,30.1,7.6,1269.75,12.1390733838557,10.268567526967,5.82280015945435,"North America",0.629366093941141
"69",69,"Mauritius",21.2251855220011,23.5826241134752,18.45,15.2,29.7,11.7,1487.15,12.1074781338785,10.3769756722141,5.81640005111694,"Africa",0.740133957790615
"70",70,"Moldova",10.9123135628765,22.7164516129032,-1.39193548387097,41.2,36.7,-21.5,507.771,12.2324545720415,8.12906141331228,5.81589984893799,"Europe",0.415260521139959
"71",71,"Russia",-2.22330294364371,18.7851612903226,-23.9316129032258,50.3,32.1,-51.2,358.796,12.3685118289616,7.38816217616742,5.78529977798462,"Europe",0.00146571267997003
"72",72,"Bolivia",11.7904400022878,13.3912903225806,8.619,26.4,29.3,-4,3944.75,12.1077629082696,8.27797971163529,5.78429985046387,"South America",0.4429230340962
"73",73,"Ecuador",9.91746800884618,10.5526666666667,8.77967741935484,13.3,17.6,3.5,3497.76,12.1149752995315,8.28462593270567,5.72450017929077,"South America",0.383921152692888
"74",74,"Kyrgyzstan",7.26498604438344,20.9677419354839,-7.37612903225806,41.4,35.9,-29.3,278.916,12.202090561462,9.89013642943601,5.71350002288818,"Asia",0.300363348924514
"75",75,"Montenegro",5.77185417143293,15.7393548387097,-3.84709677419355,35.8,27.6,-23.4,1751.733,12.2079810584937,8.80044897075686,5.70699977874756,"Europe",0.253327093179199
"76",76,"Mongolia",3.12289527568062,21.0164516129032,-16.7912903225806,47.2,36.4,-41.4,156.004,12.224848145666,9.70109763858967,5.69619989395142,"Asia",0.169880272214069
"77",77,"Colombia",26.0544882368642,28.2854609929078,24.5038709677419,18,38,17.9,2337.29,12.1194011510222,9.49248480194591,5.69509983062744,"South America",0.892265408255856
"78",78,"Venezuela",27.5638650385114,29.7996774193548,25.7477419354839,17,38.7,20.4,1623.45,12.1235670191392,9.89841113044466,5.60669994354248,"South America",0.939813407561525
"79",79,"Indonesia",26.4072544612217,27.5796666666667,25.2290322580645,15.2,35.5,19.5,2781.4,12.1124123352653,9.6763440456555,5.56829977035522,"Asia",0.903378159010014
"80",80,"Bulgaria",12.1983575078167,23.1058064516129,1.38838709677419,34.1,38.3,-16,667.515,12.2073010335386,9.09529057611245,5.46269989013672,"Europe",0.455773146307074
"81",81,"Armenia",1.94295660794631,13.7641935483871,-9.46451612903226,29.5,25.5,-26.9,867.281,12.1966330647041,9.88797538885923,5.45489978790283,"Asia",0.132710148164901
"82",82,"South Africa",19.0291078319225,26.0290322580645,10.2377419354839,37.5,42.6,-5,335.578,12.1089965745682,10.6906770251606,5.42199993133545,"Africa",0.670953683939119
"83",83,"North Macedonia",14.5257792076565,26.6741935483871,1.94741935483871,37.6,42.5,-17.1,472.826,12.2027614083649,9.38177088686587,5.36910009384155,"Europe",0.529090985329917
"84",84,"Algeria",25.5601934721269,36.8464516129032,12.9983870967742,34.6,46.3,-2.7,16.2,12.1575096859769,10.612716075424,5.36350011825562,"Africa",0.876694261869563
"85",86,"Albania",16.0676483070236,26.2161290322581,6.33806451612903,30.7,42.2,-6.9,1124.184,12.1999576987293,9.60062294105934,5.30420017242432,"Europe",0.57766254863083
"86",87,"Tajikistan",-2.26983093113704,10.0922580645161,-13.6416129032258,33.2,20.9,-27.9,781.563,12.1914842658616,9.3118355202831,5.28070020675659,"Asia",0
"87",89,"Mozambique",25.0235905780523,27.8776666666667,20.8951612903226,29.6,44.3,11.5,795.06,12.1076107778048,10.1392003348458,5.21640014648437,"Africa",0.859790335688218
"88",90,"Georgia",8.4380385114009,20.5006451612903,-2.54709677419355,34.6,33.7,-21,993.564,12.2043390189771,8.6236789039471,5.18470001220703,"Asia",0.337316545652057
"89",91,"Iraq",24.8693803477465,37.8458064516129,10.5638709677419,36.5,50.3,-1.8,134.393,12.1709772650646,10.3391792846338,5.16599988937378,"Asia",0.854932444725865
"90",92,"Nepal",18.2895783001601,22.9456666666667,10.6209677419355,29.4,34.9,-2.2,2116.88,12.1574816300883,9.16811007277235,5.15840005874634,"Asia",0.647657215075688
"91",93,"Laos",21.3680954968352,24.2609677419355,16.6435483870968,28.5,35.3,1.7,2017.637,12.1373728976138,9.07588603799294,5.13889980316162,"Asia",0.74463587101518
"92",94,"Gabon",22.8614527377412,23.4624113475177,22.2238709677419,14.4,32.4,16.7,2388.47,12.1151354828891,8.3681234296309,5.10629987716675,"Africa",0.79167922624379
"93",96,"Guinea",26.7565317623732,30.861,24.2735483870968,24.4,40.9,12.7,1223.82,12.1269975236513,9.85473442464804,5.02330017089844,"Africa",0.914381002603817
"94",98,"Senegal",29.4397069892473,33.3512903225806,25.9390322580645,27.3,46,12.7,464.44,12.1319470957134,10.1124786491168,4.96859979629517,"Africa",0.998905697620441
"95",99,"Iran",18.3941523869443,31.2632258064516,4.90516129032258,36,41.5,-13.8,92.093,12.1680879882686,10.600883112497,4.92280006408691,"Asia",0.650951481027288
"96",100,"Azerbaijan",16.3979719743766,29.7170967741935,3.15258064516129,39.2,42.4,-18,405.054,12.1978199823966,8.98815085764074,4.89340019226074,"Asia",0.588068319733716
"97",101,"Nigeria",24.2460003050408,27.2145161290323,22.2641935483871,25.8,38.6,10.7,1063.24,12.1259487756171,9.37937164579256,4.88079977035522,"Africa",0.835294887155488
"98",103,"Cameroon",24.705614485625,27.7372340425532,22.9045161290323,22,39.2,15.7,1577.91,12.1214273878128,9.47022980302732,4.87440013885498,"Africa",0.849773534710851
"99",104,"Ukraine",10.1455363761153,22.2145161290323,-2.45645161290323,36.8,35.5,-22.9,560.986,12.2439834763551,7.68598512622334,4.8730001449585,"Europe",0.391105703665662
"100",105,"Namibia",18.3043149736902,22.427,11.7225806451613,31.3,34.7,-3.9,315.78,12.1074862224282,10.7987995024647,4.83169984817505,"Africa",0.648121445970195
"101",106,"Morocco",19.7990664416991,27.1629032258065,13.3306451612903,34.2,45.5,2.6,63.78,12.1587190295376,10.5875343141438,4.79470014572144,"Africa",0.695208721781953
"102",107,"Pakistan",17.0552001258293,25.05,6.13451612903226,30.6,37.3,-6.9,454.295,12.1624700012636,10.3959814434769,4.65670013427734,"Asia",0.608772151709163
"103",108,"Niger",25.2370370433921,31.901,15.3909677419355,31.3,40.9,1.2,30.07,12.1373944543461,10.7565824398318,4.55630016326904,"Africa",0.866514271271895
"104",109,"Burkina Faso",28.3260143750477,32.875,24.7593548387097,25.8,42.4,13.3,625.09,12.1291018238718,10.2356784752922,4.5479998588562,"Africa",0.963822439689814
"105",110,"Mauritania",26.4526265347365,34.0332258064516,16.6893548387097,32.4,45.6,3.4,16.66,12.141285062804,10.5287943511099,4.50509977340698,"Africa",0.904807458385509
"106",111,"Gambia",28.0118913101502,30.4893333333333,25.7877419354839,26.3,43.8,15.1,753.94,12.130545991962,9.96657959339174,4.48489999771118,"Africa",0.95392701579345
"107",112,"Chad",29.4744448257454,34.8112903225806,21.6848387096774,31,44.4,7.2,95.17,12.1326645115672,10.5858503879912,4.47130012512207,"Africa",1
"108",113,"Kenya",26.6429862922291,27.7416129032258,25.323,19,37.6,15.8,341.71,12.1167571837908,10.6826478445166,4.46960020065308,"Africa",0.910804122443951
"109",114,"Tunisia",22.059619080302,32.2987096774194,11.5138709677419,33.1,48.6,0.1,78.24,12.1740035626647,10.5334992439474,4.42180013656616,"Africa",0.766420068858057
"110",115,"Benin",26.5022216502707,29.3432258064516,24.4338709677419,23.7,39.6,13.6,1062.24,12.1253539024441,9.43190796455331,4.37739992141724,"Africa",0.906369790943165
"111",116,"Uganda",22.9823756958743,25.4287234042553,21.9116129032258,19.8,36.5,14.4,1133.45,12.1169341177685,10.2383030040852,4.37169981002808,"Africa",0.795488510130411
"112",117,"Myanmar",26.7567892358728,31.046,21.5209677419355,24.8,42.3,10.7,1029.27,12.1425415574282,9.76082995898208,4.35449981689453,"Asia",0.914389113467696
"113",118,"Cambodia",27.6229892282468,29.7329032258065,26.3109677419355,21,39.6,15,1940.03,12.1297507934853,9.46194786987839,4.34070014953613,"Asia",0.941675922560708
"114",119,"Ghana",27.9424886753603,30.3309677419355,25.562,23.8,40.9,16.9,1105.31,12.1237181262498,9.62312713001411,4.28940010070801,"Africa",0.9517407118651
"115",120,"Liberia",24.916006482117,26.2627659574468,23.6722580645161,20.3,36.8,15.3,2428.68,12.1219453537536,8.05752526335295,4.26859998703003,"Africa",0.856401249203484
"116",121,"Mali",29.0984401357432,35.6116666666667,19.9032258064516,31.6,45.9,5.9,39.52,12.1373980650139,10.3912475413177,4.23199987411499,"Africa",0.988155197085548
"117",122,"Madagascar",25.0666884008236,27.289,22.1470967741935,26.1,40.2,10.3,1363.31,12.107483105963,10.6236474951183,4.22790002822876,"Africa",0.861147992202462
"118",123,"Togo",26.287642740029,28.5858064516129,24.2541935483871,23.6,39.8,15.5,1457.04,12.1243622672443,9.47160386989427,4.2140998840332,"Africa",0.899610181371817
"119",124,"Jordan",18.4268467360634,27.1341935483871,7.75258064516129,36.5,42.7,-6.4,85.22,12.1651306996662,10.7646851445629,4.18580007553101,"Asia",0.651981409993682
"120",125,"India",24.1440857545947,31.6406451612903,17.7590322580645,27.2,42.4,5.2,1243.31,12.1444007678285,9.48749251707699,4.05410003662109,"Asia",0.832084401232714
"121",126,"Egypt",22.3281766948829,30.8258064516129,11.3058064516129,35,44.8,-0.3,4.25,12.1551502505126,10.8953539443311,3.97659993171692,"Africa",0.774880101672721
"122",127,"Sri Lanka",24.8724785327538,26.253,22.7777419354839,17.5,36.2,15.1,1612.61,12.1233146141075,9.48238410723667,3.89809989929199,"Asia",0.855030042952108
"123",128,"Bangladesh",25.1643184435293,28.5573333333333,17.8209677419355,27.3,39.8,7.5,1903.9,12.1484703391566,8.97416881951223,3.88590002059937,"Asia",0.864223508665759
"124",129,"Ethiopia",20.7127475215435,22.725,18.5348387096774,22.7,33.4,6.2,588.58,12.1247669532631,10.6578035808845,3.86089992523193,"Africa",0.723991267864969
"125",130,"Tanzania",23.22072138336,25.2526666666667,20.9035483870968,19.2,35.9,12.4,730.71,12.111828132232,10.7249768129697,3.78060007095337,"Africa",0.802996814597997
"126",131,"Comoros",18.7933484519179,20.1796774193548,16.7512903225806,18.5,33.7,10.7,1430.01,12.1089744412055,10.4746003301971,3.56629991531372,"Africa",0.663526852663768
"127",132,"Yemen",23.6517520971555,28.9063333333333,17.0125806451613,26.1,38.3,3.8,55.7,12.1333921591524,10.8257468508811,3.56100010871887,"Asia",0.816575033143494
"128",133,"Zambia",21.1999920308091,25.8848387096774,16.9041935483871,27.6,37.5,6.3,854.94,12.1083537930457,10.0676047228826,3.50239992141724,"Africa",0.739340318919
"129",134,"Eswatini",20.1924936132083,23.3329032258065,15.7787096774194,33.5,40.4,3.4,758.16,12.1081656286033,8.98753698746155,3.50200009346008,"Africa",0.707602363222139
"130",135,"Malawi",19.8881198810341,23.0813333333333,16.08,21.1,33.3,8,1033.36,12.1085699449804,9.91391658966399,3.4210000038147,"Africa",0.698014060294542
"131",136,"Botswana",22.1782319835278,27.0646666666667,14.9754838709677,34.6,41.8,-0.8,351.28,12.1074862224282,10.6754538822511,3.38339996337891,"Africa",0.77015658198988
"132",137,"Zimbabwe",20.6544406695646,24.2583870967742,15.4725806451613,30.2,38.2,5,606.82,12.1075371182436,10.3162986841197,3.34109997749329,"Africa",0.722154500429306
"133",139,"Sierra Leone",24.905259170289,27.1127659574468,22.9803225806452,22.4,39.3,15.6,2361.89,12.1241190090861,8.26635181632519,3.24519991874695,"Africa",0.856062690153964
"134",140,"Lesotho",10.1675720086937,14.9577419354839,3.71870967741935,35.9,29.7,-12.6,826.545,12.1091994598506,10.409585053514,3.18619990348816,"Africa",0.391799864488455
"135",141,"Lebanon",13.9499187638222,23.3322580645161,3.71548387096774,32.5,38.1,-14.2,549.877,12.1735504321258,10.325196670244,2.70650005340576,"Asia",0.510950377925777
"136",142,"Afghanistan",12.8617550522382,25.871935483871,-0.812903225806452,34.6,35.5,-22.8,343.533,12.1709664207678,10.5188786295862,1.72099995613098,"Asia",0.476671324911062
